epoch,loss,acc
1,2.9944235635182213,0.21892826140873015
2,1.8657994828526936,0.4568529885912698
3,1.5030320012380207,0.5417364211309523
4,1.3707219816389538,0.5677935887896826
5,1.2769034050759815,0.5950598338293651
6,1.1998736891481612,0.6145445808531746
7,1.1392637458112505,0.6325567336309523
8,1.0846282915463523,0.6499798487103174
9,1.0414727722841597,0.6640857514880952
10,1.0082884951243325,0.67333984375
11,0.973832151719502,0.6849810887896826
12,0.9403423208092886,0.6960565476190477
13,0.9111639639687916,0.7033187624007936
14,0.8815269853387561,0.7122318328373016
15,0.8550329695618342,0.7205713665674603
16,0.8316205716322339,0.7280505952380952
17,0.8055915255395193,0.7370489211309523
18,0.7828106984259591,0.7421952504960317
19,0.7605715658929613,0.7506975446428571
20,0.7396255414637308,0.7575567336309523
21,0.7208924265134902,0.763121589781746
22,0.7011843848796118,0.7686321924603174
23,0.681983348869142,0.77587890625
24,0.6595918715946258,0.7834046378968254
25,0.6408737779609741,0.7898375496031746
26,0.625774676601092,0.7939995659722222
27,0.6090556487204537,0.7988746279761905
28,0.5901997763486135,0.8058810763888888
29,0.5775033564321579,0.8097873263888888
30,0.5643842676802288,0.8136393229166666
31,0.5511911710103353,0.8176540798611112
32,0.5369268842632808,0.822815910218254
33,0.5227280308802923,0.8264198908730159
34,0.5063611533906724,0.831480964781746
35,0.49853100450265975,0.8338448660714286
36,0.48759923142100137,0.8375651041666666
37,0.4755551443686561,0.8419828869047619
38,0.4623113979422857,0.8462069072420635
39,0.4535074018769794,0.8478112599206349
40,0.4434662617388226,0.8510587177579365
41,0.43360740277502274,0.8552129836309523
42,0.4225234119665055,0.8589022197420635
43,0.4116782598079197,0.8622039310515873
44,0.40314693228592946,0.8651181175595238
45,0.39681622102147057,0.8673580109126984
46,0.3871763062382501,0.8702256944444444
47,0.37980211017623783,0.8716750372023809
48,0.3756256850938948,0.8743412078373016
49,0.3637032946423879,0.8779761904761905
50,0.3587300909890069,0.8792395213293651
